snp	maf	beta	SE	p.values	SD	Neff	varbeta	
rs7563201	0.45	-0.1081	0.0172	3.68E-10	2.255234196	17192	5.08608128	
rs2178575	0.15	0.1663	0.0219	3.34E-14	2.871490052	17192	8.24545512	
rs13164856	0.27	0.1235	0.0193	1.45E-10	2.530582557	17192	6.40384808	
rs804279	0.26	0.1276	0.0184	3.76E-12	2.391646128	16895	5.7199712	
rs10739076	0.31	0.1097	0.0197	2.51E-08	2.583029864	17192	6.67204328	
rs7864171	0.43	-0.0933	0.0168	2.95E-08	2.202786889	17192	4.85227008	
rs9696009	0.07	0.202	0.0311	7.96E-11	4.077778111	17192	16.62827432	
rs11031005	0.15	-0.1593	0.0223	8.66E-13	2.923937359	17192	8.54940968	
rs11225154	0.09	0.1787	0.0272	5.44E-11	3.566416869	17192	12.71932928	
rs1784692	0.18	0.1438	0.0226	1.88E-10	2.963272839	17192	8.78098592	
rs2271194	0.42	0.0971	0.0166	4.57E-09	2.176563236	17192	4.73742752	
rs1795379	0.24	-0.1174	0.0195	1.81E-09	2.556806211	17192	6.537258	
rs8043701	0.18	-0.1273	0.0208	9.61E-10	2.727259958	17192	7.43794688	
rs853854	0.5	-0.098	0.016	2.36E-09	2.137227756	17192	4.56774248	
